0 0 0 0 0 0 0 0 0 0 0 0 0 0 0 0 0 0 0 0 0 0 0 0 0 0
0 0 0 0 0 0 0 0 0 0 0 0 3 0 0 0 0 0 0 0 0 0 0 0 0 0
0 0 0 0 0 0 0 3 3 0 0 3 0 0 3 0 0 0 0 0 0 5 5 5 0 0
0 0 0 0 0 0 0 3 0 0 3 3 3 3 3 0 3 0 0 0 0 0 0 5 0 0
0 0 0 0 0 0 0 3 3 3 3 3 4 3 3 3 3 3 0 0 0 0 5 0 0 0
0 0 0 0 0 0 3 3 3 4 4 4 4 4 4 4 3 3 0 0 0 5 0 0 0 0
0 0 0 0 0 3 3 4 4 4 4 4 4 4 4 4 4 3 3 0 0 5 5 5 0 0
0 0 0 0 0 3 3 4 4 4 4 4 4 4 4 4 4 4 3 3 0 0 0 0 0 0
0 0 0 0 3 3 4 4 4 4 4 4 4 4 4 4 4 4 4 3 0 0 0 0 0 0
0 0 0 0 3 3 4 4 4 4 4 4 4 4 4 4 4 4 4 3 0 0 0 0 0 0
0 0 0 0 3 3 4 4 1 1 4 4 4 4 4 1 1 4 4 3 3 0 0 0 0 0
0 0 0 0 3 4 4 4 4 4 4 4 4 4 4 4 4 4 4 3 3 0 0 0 0 0
0 0 0 0 3 3 4 4 4 4 4 5 5 5 4 4 4 4 4 3 3 0 0 0 0 0
0 0 0 0 3 3 4 4 4 4 4 4 5 4 4 4 4 4 3 3 3 0 0 0 0 0
0 0 0 0 3 3 3 3 4 4 4 4 4 4 4 4 4 3 3 3 3 0 0 0 0 0
0 0 0 0 3 3 3 3 3 3 3 3 4 3 3 3 3 3 3 3 3 0 0 0 0 0
0 0 0 2 3 3 3 3 3 3 2 3 3 3 2 3 3 3 3 3 2 0 0 0 0 0
0 0 0 2 3 3 3 3 3 3 2 3 2 3 2 3 3 3 3 3 2 0 0 0 0 0
0 0 0 2 3 3 3 3 3 3 3 3 2 3 3 3 3 3 3 3 2 0 0 0 0 0
0 0 0 2 2 3 3 3 3 3 3 3 3 3 3 3 3 3 3 2 2 2 0 0 0 0
0 0 0 2 2 2 3 3 3 3 3 3 3 3 3 3 3 3 3 2 2 2 0 0 0 0
0 0 0 2 2 2 2 3 3 3 3 3 3 3 3 3 3 3 2 2 2 2 0 0 0 0
0 0 0 2 2 2 2 0 3 3 3 3 3 3 3 3 3 0 2 2 2 2 0 0 0 0
0 0 0 2 2 0 0 0 0 0 0 0 0 0 0 0 0 0 0 0 2 2 0 0 0 0
0 0 0 0 0 0 0 0 5 5 5 5 0 5 5 5 0 0 0 0 0 0 0 0 0 0
0 0 0 0 0 0 0 0 0 0 0 0 0 0 0 0 0 0 0 0 0 0 0 0 0 0