0 0 0 0 0 0 0 0 2 2 2 2 2 2 2 0 0 0 0 0 0 0 0 0 0 0
0 0 0 0 0 0 0 2 2 2 2 2 2 2 2 2 0 0 0 0 0 0 0 0 0 0
0 0 0 0 0 0 2 2 2 4 3 2 2 2 3 2 2 0 0 0 0 0 0 0 0 0
0 0 0 0 0 0 2 2 4 3 3 3 2 3 3 3 2 0 0 0 0 0 0 0 0 0
0 0 0 0 0 0 2 2 3 3 3 3 2 3 3 3 2 0 0 0 0 0 0 0 0 0
0 0 0 0 0 0 2 2 2 2 2 2 2 2 2 2 2 2 0 0 0 0 0 0 0 0
0 0 0 0 0 0 2 2 4 3 3 2 2 4 3 3 2 2 0 0 0 0 0 0 0 0
0 0 0 0 0 2 3 3 4 1 4 3 3 4 1 4 2 0 0 0 0 0 0 0 0 0
0 0 0 0 0 2 3 3 4 4 4 3 3 4 4 4 2 0 0 0 0 0 0 0 0 0
0 0 0 0 2 5 2 3 3 3 3 3 3 3 3 3 2 0 0 0 0 0 0 0 0 0
0 0 0 0 0 2 2 3 3 3 3 3 2 2 3 3 2 0 0 0 0 0 0 0 0 0
0 0 0 0 0 0 2 2 3 3 3 3 3 3 3 3 2 0 0 0 0 0 0 0 0 0
0 0 0 0 0 0 2 2 3 3 5 5 5 5 5 3 2 0 0 0 0 0 0 0 0 0
0 0 0 0 0 3 2 2 2 3 3 2 2 2 3 3 2 3 0 0 0 0 0 0 0 0
0 0 0 0 0 2 3 3 3 3 3 2 1 2 3 3 3 2 0 0 0 0 0 0 0 0
0 0 0 0 0 2 2 3 3 3 3 2 2 2 3 3 2 2 0 0 0 0 0 0 0 0
0 0 0 0 0 2 2 2 3 3 2 3 3 3 2 3 2 2 0 0 0 0 0 0 0 0
0 0 0 0 0 2 2 2 3 3 2 3 2 3 2 3 2 2 0 0 0 0 0 0 0 0
0 0 0 0 0 2 2 2 2 2 3 3 2 3 3 2 2 2 0 0 0 0 0 0 0 0
0 0 0 0 0 2 2 2 2 2 2 3 3 3 2 2 2 2 0 0 0 0 0 0 0 0
0 0 0 0 0 2 2 2 2 2 2 3 3 3 2 2 2 2 0 0 0 0 0 0 0 0
0 0 0 0 0 2 2 2 2 2 2 3 3 3 2 2 2 2 0 0 0 0 0 0 0 0
0 0 0 0 0 2 2 2 2 2 3 3 3 3 3 2 2 0 0 0 0 0 0 0 0 0
0 0 0 0 0 2 2 2 0 0 0 0 0 0 0 0 0 0 0 0 0 0 0 0 0 0
0 0 0 0 0 0 0 0 0 5 5 5 0 5 5 5 0 0 0 0 0 0 0 0 0 0
0 0 0 0 0 0 0 0 0 0 0 0 0 0 0 0 0 0 0 0 0 0 0 0 0 0